# timestamp (ns), altitide (m)
1631087780644675328,4.217200000000000e+01
1631087780879984384,4.218000000000000e+01
1631087781135192064,4.217600000000000e+01
1631087781390842880,4.217600000000000e+01
1631087781623924736,4.217800000000000e+01
1631087781881763840,4.217600000000000e+01
1631087782134181376,4.217500000000000e+01
1631087782389723392,4.217700000000000e+01
1631087782644227840,4.217700000000000e+01
1631087782876851712,4.226100000000000e+01
1631087783134626560,4.240500000000000e+01
1631087783390095872,4.261900000000000e+01
1631087783625827584,4.288100000000000e+01
1631087783885658368,4.320900000000000e+01
1631087784144490752,4.360700000000000e+01
1631087784377562368,4.406400000000000e+01
1631087784644152576,4.456900000000000e+01
1631087784878319616,4.508800000000000e+01
1631087785133543168,4.561800000000000e+01
1631087785389723904,4.616800000000000e+01
1631087785644963328,4.672200000000000e+01
1631087785884901632,4.725200000000000e+01
1631087786116941312,4.778800000000000e+01
1631087786375567104,4.833000000000000e+01
1631087786628163328,4.888600000000000e+01
1631087786882302720,4.944900000000000e+01
1631087787138659328,5.004900000000000e+01
1631087787393806336,5.070200000000000e+01
1631087787640800512,5.143900000000000e+01
1631087787895512064,5.219200000000000e+01
1631087788131021824,5.293000000000000e+01
1631087788386643456,5.364900000000000e+01
1631087788639892480,5.437100000000000e+01
1631087788895025152,5.510200000000000e+01
1631087789129610496,5.582400000000000e+01
1631087789388388096,5.650700000000000e+01
1631087789640949248,5.713800000000000e+01
1631087789886873344,5.775100000000000e+01
1631087790141715968,5.837200000000000e+01
1631087790379824640,5.899000000000000e+01
1631087790615225856,5.961400000000000e+01
1631087790894988544,6.024200000000000e+01
1631087791129514240,6.087800000000000e+01
1631087791386089472,6.152400000000000e+01
1631087791634561024,6.217900000000000e+01
1631087791890182912,6.284400000000000e+01
1631087792145945344,6.350700000000000e+01
1631087792380304896,6.418300000000001e+01
1631087792631843328,6.484999999999999e+01
1631087792888248320,6.550800000000000e+01
1631087793143951360,6.616800000000001e+01
1631087793377746944,6.681900000000000e+01
1631087793633597440,6.746600000000001e+01
1631087793888356096,6.811700000000000e+01
1631087794143498496,6.876900000000001e+01
1631087794400076544,6.942400000000001e+01
1631087794637947392,7.008800000000001e+01
1631087794893845248,7.075900000000000e+01
1631087795128892160,7.143900000000001e+01
1631087795383831808,7.212100000000000e+01
1631087795640188672,7.281000000000000e+01
1631087795895379200,7.350700000000001e+01
1631087796129602048,7.420800000000000e+01
1631087796385625088,7.490700000000000e+01
1631087796641440000,7.559300000000000e+01
1631087796883999232,7.628700000000001e+01
1631087797139626752,7.697300000000000e+01
1631087797396384768,7.766900000000000e+01
1631087797633864960,7.836300000000000e+01
1631087797882341632,7.905200000000001e+01
1631087798138712064,7.973500000000000e+01
1631087798393948672,8.044000000000000e+01
1631087798628305408,8.114900000000000e+01
1631087798878333696,8.186100000000000e+01
1631087799134076160,8.257500000000000e+01
1631087799390088960,8.329600000000001e+01
1631087799645062400,8.401900000000001e+01
1631087799879197184,8.474700000000000e+01
1631087800144750080,8.549600000000000e+01
1631087800403100416,8.627400000000000e+01
1631087800624932864,8.706000000000000e+01
1631087800887534848,8.783600000000000e+01
1631087801143776768,8.860100000000000e+01
1631087801378444800,8.936100000000000e+01
1631087801633759232,9.012700000000000e+01
1631087801876938496,9.087500000000000e+01
1631087802132026624,9.162400000000000e+01
1631087802387895040,9.236600000000000e+01
1631087802644411392,9.310600000000001e+01
1631087802878784000,9.383600000000000e+01
1631087803138388480,9.458300000000000e+01
1631087803392807936,9.532700000000000e+01
1631087803625768704,9.608000000000000e+01
1631087803895779584,9.683700000000000e+01
1631087804129244672,9.760100000000000e+01
1631087804385718784,9.836300000000000e+01
1631087804640999168,9.912300000000000e+01
1631087804892880384,9.988100000000000e+01
1631087805128014592,1.006490000000000e+02
1631087805406022912,1.014250000000000e+02
1631087805646818048,1.022020000000000e+02
1631087805880889600,1.029750000000000e+02
1631087806136556288,1.037510000000000e+02
1631087806394261248,1.045380000000000e+02
1631087806638324224,1.053200000000000e+02
1631087806893470208,1.060860000000000e+02
1631087807126661632,1.068560000000000e+02
1631087807405406208,1.076140000000000e+02
1631087807632947200,1.083750000000000e+02
1631087807888862976,1.091280000000000e+02
1631087808144793344,1.098720000000000e+02
1631087808402113280,1.106130000000000e+02
1631087808638573568,1.113690000000000e+02
1631087808886256384,1.121180000000000e+02
1631087809143092224,1.128780000000000e+02
1631087809399243776,1.136340000000000e+02
1631087809627431168,1.143990000000000e+02
1631087809882789120,1.151590000000000e+02
1631087810140684544,1.159180000000000e+02
1631087810396158208,1.166860000000000e+02
1631087810630803456,1.174450000000000e+02
1631087810886068224,1.181970000000000e+02
1631087811141973760,1.189460000000000e+02
1631087811399830528,1.196950000000000e+02
1631087811632892672,1.204420000000000e+02
1631087811880726784,1.211650000000000e+02
1631087812136983808,1.218760000000000e+02
1631087812392980224,1.225730000000000e+02
1631087812630374656,1.232720000000000e+02
1631087812883684608,1.239630000000000e+02
1631087813138887680,1.246220000000000e+02
1631087813395214080,1.252600000000000e+02
1631087813629114624,1.258590000000000e+02
1631087813884963840,1.263940000000000e+02
1631087814134020352,1.268890000000000e+02
1631087814391083264,1.273770000000000e+02
1631087814645755136,1.278640000000000e+02
1631087814879301632,1.283540000000000e+02
1631087815138075904,1.288560000000000e+02
1631087815393666816,1.293560000000000e+02
1631087815645963520,1.298580000000000e+02
1631087815890763520,1.303670000000000e+02
1631087816127241216,1.308820000000000e+02
1631087816381569536,1.313980000000000e+02
1631087816643622144,1.319160000000000e+02
1631087816877933312,1.324300000000000e+02
1631087817133179648,1.329340000000000e+02
1631087817390049792,1.334340000000000e+02
1631087817641863936,1.339460000000000e+02
1631087817877501184,1.344620000000000e+02
1631087818132258304,1.349830000000000e+02
1631087818390534400,1.354930000000000e+02
1631087818643817728,1.359870000000000e+02
1631087818877856000,1.364660000000000e+02
1631087819133613568,1.369170000000000e+02
1631087819391081728,1.373200000000000e+02
1631087819637505024,1.376780000000000e+02
1631087819893049600,1.379890000000000e+02
1631087820149583104,1.382710000000000e+02
1631087820405578496,1.384710000000000e+02
1631087820642354432,1.385720000000000e+02
1631087820876366080,1.386060000000000e+02
1631087821155609856,1.386130000000000e+02
1631087821389501696,1.386030000000000e+02
1631087821625031680,1.386130000000000e+02
1631087821879069952,1.386240000000000e+02
1631087822134636544,1.386440000000000e+02
1631087822391617280,1.386550000000000e+02
1631087822636894720,1.386590000000000e+02
1631087822893231360,1.386470000000000e+02
1631087823127387648,1.386230000000000e+02
1631087823406060800,1.386030000000000e+02
1631087823632730368,1.385750000000000e+02
1631087823889027072,1.385580000000000e+02
1631087824144349184,1.385510000000000e+02
1631087824401562880,1.385400000000000e+02
1631087824633760512,1.385140000000000e+02
1631087824886043904,1.384780000000000e+02
1631087825142350336,1.384520000000000e+02
1631087825377039872,1.384070000000000e+02
1631087825645318144,1.383560000000000e+02
1631087825880135680,1.383140000000000e+02
1631087826135781888,1.382840000000000e+02
1631087826392493568,1.382640000000000e+02
1631087826645740544,1.382540000000000e+02
1631087826883186176,1.382770000000000e+02
1631087827136985344,1.382910000000000e+02
1631087827394295296,1.382790000000000e+02
1631087827627265792,1.382600000000000e+02
1631087827884849152,1.382820000000000e+02
1631087828140316160,1.383170000000000e+02
1631087828398081280,1.383500000000000e+02
1631087828626316800,1.383720000000000e+02
1631087828882451200,1.384010000000000e+02
1631087829138310912,1.384300000000000e+02
1631087829395425536,1.384500000000000e+02
1631087829626080768,1.384600000000000e+02
1631087829887374848,1.384680000000000e+02
1631087830143057664,1.384870000000000e+02
1631087830400420096,1.385180000000000e+02
1631087830635490304,1.385640000000000e+02
1631087830879095296,1.386190000000000e+02
1631087831134363392,1.386810000000000e+02
1631087831391642112,1.387460000000000e+02
1631087831649298688,1.388010000000000e+02
1631087831904832768,1.388500000000000e+02
1631087832139068672,1.388880000000000e+02
1631087832393963264,1.389190000000000e+02
1631087832627276544,1.389560000000000e+02
1631087832883520512,1.389710000000000e+02
1631087833139388672,1.389620000000000e+02
1631087833396997120,1.389480000000000e+02
1631087833646724352,1.389450000000000e+02
1631087833881501184,1.388600000000000e+02
1631087834137321984,1.387860000000000e+02
1631087834393194496,1.387520000000000e+02
1631087834642998784,1.387390000000000e+02
1631087834878750208,1.387370000000000e+02
1631087835133918464,1.387370000000000e+02
1631087835390839296,1.387270000000000e+02
1631087835628320256,1.387070000000000e+02
1631087835880633600,1.386840000000000e+02
1631087836140921344,1.386580000000000e+02
1631087836392757248,1.386220000000000e+02
1631087836640985344,1.385900000000000e+02
1631087836896766976,1.385710000000000e+02
1631087837128834560,1.385520000000000e+02
1631087837385571840,1.385330000000000e+02
1631087837634686464,1.384990000000000e+02
1631087837890613504,1.384510000000000e+02
1631087838146006528,1.384030000000000e+02
1631087838404203264,1.383560000000000e+02
1631087838637145088,1.383040000000000e+02
1631087838895601152,1.382580000000000e+02
1631087839128733184,1.382220000000000e+02
1631087839386610688,1.381870000000000e+02
1631087839630776064,1.381520000000000e+02
1631087839886671616,1.381250000000000e+02
1631087840141040128,1.381140000000000e+02
1631087840399101440,1.381180000000000e+02
1631087840631102976,1.381220000000000e+02
1631087840888953856,1.381390000000000e+02
1631087841145699584,1.381500000000000e+02
1631087841401313792,1.381600000000000e+02
1631087841634036992,1.381790000000000e+02
1631087841884037888,1.381950000000000e+02
1631087842140945152,1.382000000000000e+02
1631087842397239808,1.382010000000000e+02
1631087842626586112,1.382080000000000e+02
1631087842892706304,1.382110000000000e+02
1631087843126532608,1.382040000000000e+02
1631087843404998912,1.381960000000000e+02
1631087843637636608,1.381800000000000e+02
1631087843883301888,1.381640000000000e+02
1631087844138389504,1.381450000000000e+02
1631087844395760896,1.381180000000000e+02
1631087844627459840,1.381000000000000e+02
1631087844884854528,1.380710000000000e+02
1631087845142631936,1.380390000000000e+02
1631087845398427136,1.380120000000000e+02
1631087845630949376,1.379970000000000e+02
1631087845876440320,1.379850000000000e+02
1631087846144426752,1.379810000000000e+02
1631087846401101056,1.379710000000000e+02
1631087846625862400,1.379540000000000e+02
1631087846887877376,1.379120000000000e+02
1631087847144542464,1.378500000000000e+02
1631087847396922624,1.377910000000000e+02
1631087847639621376,1.377580000000000e+02
1631087847894748672,1.377360000000000e+02
1631087848129980160,1.377340000000000e+02
1631087848386510592,1.377240000000000e+02
1631087848632177152,1.377320000000000e+02
1631087848891090688,1.377360000000000e+02
1631087849146245120,1.377390000000000e+02
1631087849404027648,1.377500000000000e+02
1631087849644831232,1.377610000000000e+02
1631087849879602432,1.377680000000000e+02
1631087850134003456,1.377800000000000e+02
1631087850392267264,1.377770000000000e+02
1631087850639738880,1.377680000000000e+02
1631087850895090944,1.377600000000000e+02
1631087851153090816,1.377350000000000e+02
1631087851411375872,1.377160000000000e+02
1631087851641576448,1.376880000000000e+02
1631087851896768000,1.376590000000000e+02
1631087852153808896,1.376190000000000e+02
1631087852387772672,1.376010000000000e+02
1631087852640993536,1.375980000000000e+02
1631087852892881664,1.375920000000000e+02
1631087853126540800,1.375940000000000e+02
1631087853404815872,1.376030000000000e+02
1631087853638248704,1.376100000000000e+02
1631087853887217408,1.376170000000000e+02
1631087854142750464,1.376200000000000e+02
1631087854399753984,1.376310000000000e+02
1631087854633082880,1.376350000000000e+02
1631087854888890880,1.376420000000000e+02
1631087855144034048,1.376310000000000e+02
1631087855401392384,1.376250000000000e+02
1631087855634016000,1.376110000000000e+02
1631087855878878720,1.375960000000000e+02
1631087856132923648,1.375820000000000e+02
1631087856391075072,1.375570000000000e+02
1631087856644664576,1.375320000000000e+02
1631087856894489856,1.375040000000000e+02
1631087857151299584,1.374900000000000e+02
1631087857405428480,1.375020000000000e+02
1631087857639121152,1.375130000000000e+02
1631087857876809728,1.375280000000000e+02
1631087858129131008,1.375350000000000e+02
1631087858386451200,1.375490000000000e+02
1631087858640490240,1.375500000000000e+02
1631087858882387968,1.375580000000000e+02
1631087859137354496,1.375700000000000e+02
1631087859394115072,1.375930000000000e+02
1631087859651595776,1.376090000000000e+02
1631087859884934144,1.376380000000000e+02
1631087860142899968,1.376650000000000e+02
1631087860397736960,1.376790000000000e+02
1631087860626658560,1.376850000000000e+02
1631087860877161728,1.376850000000000e+02
1631087861155124992,1.376900000000000e+02
1631087861411670784,1.376970000000000e+02
1631087861643700992,1.377070000000000e+02
1631087861886828544,1.377130000000000e+02
1631087862142598400,1.377040000000000e+02
1631087862399520000,1.377020000000000e+02
1631087862630938880,1.376880000000000e+02
1631087862903507200,1.376830000000000e+02
1631087863137977600,1.376930000000000e+02
1631087863416603648,1.376970000000000e+02
1631087863627205632,1.377200000000000e+02
1631087863890806784,1.377260000000000e+02
1631087864145741824,1.377140000000000e+02
1631087864403029248,1.376790000000000e+02
1631087864630238720,1.376430000000000e+02
1631087864886619392,1.376040000000000e+02
1631087865143700480,1.375800000000000e+02
1631087865398673664,1.375490000000000e+02
1631087865631318528,1.375380000000000e+02
1631087865886354176,1.375340000000000e+02
1631087866141835776,1.375140000000000e+02
1631087866399774208,1.374790000000000e+02
1631087866632984320,1.374430000000000e+02
1631087866887175424,1.374150000000000e+02
1631087867141152768,1.373960000000000e+02
1631087867398410496,1.374100000000000e+02
1631087867630719232,1.374210000000000e+02
1631087867879062784,1.374320000000000e+02
1631087868135289600,1.374320000000000e+02
1631087868392637696,1.374260000000000e+02
1631087868643118848,1.374080000000000e+02
1631087868878268160,1.373920000000000e+02
1631087869134282240,1.373690000000000e+02
1631087869391089920,1.373610000000000e+02
1631087869636854016,1.373520000000000e+02
1631087869882387968,1.373280000000000e+02
1631087870143638528,1.372890000000000e+02
1631087870395847680,1.372530000000000e+02
1631087870627588096,1.371980000000000e+02
1631087870895938304,1.371410000000000e+02
1631087871133337856,1.370680000000000e+02
1631087871386439168,1.369870000000000e+02
1631087871641412608,1.369180000000000e+02
1631087871878735104,1.368320000000000e+02
1631087872138915328,1.367390000000000e+02
1631087872417041408,1.366260000000000e+02
1631087872627812864,1.365180000000000e+02
1631087872893648128,1.364210000000000e+02
1631087873149608448,1.363280000000000e+02
1631087873405476096,1.362320000000000e+02
1631087873631648768,1.361220000000000e+02
1631087873888824064,1.360300000000000e+02
1631087874142812928,1.359290000000000e+02
1631087874399899392,1.358310000000000e+02
1631087874632183040,1.357340000000000e+02
1631087874890437632,1.356480000000000e+02
1631087875145819392,1.355640000000000e+02
1631087875403682048,1.354790000000000e+02
1631087875646693888,1.354030000000000e+02
1631087875881078016,1.353240000000000e+02
1631087876136553216,1.352400000000000e+02
1631087876392833280,1.351510000000000e+02
1631087876637367296,1.350600000000000e+02
1631087876893127936,1.349650000000000e+02
1631087877147356160,1.348680000000000e+02
1631087877403781888,1.347850000000000e+02
1631087877640748544,1.346980000000000e+02
1631087877896835072,1.346130000000000e+02
1631087878152991744,1.345250000000000e+02
1631087878409209600,1.344310000000000e+02
1631087878641769216,1.343510000000000e+02
1631087878888471808,1.342780000000000e+02
1631087879144704000,1.341920000000000e+02
1631087879402066944,1.341110000000000e+02
1631087879630946560,1.340300000000000e+02
1631087879889825536,1.339560000000000e+02
1631087880143683840,1.338810000000000e+02
1631087880400840192,1.338140000000000e+02
1631087880634724096,1.337640000000000e+02
1631087880887334656,1.337080000000000e+02
1631087881144794112,1.336420000000000e+02
1631087881402002688,1.335610000000000e+02
1631087881637188096,1.334750000000000e+02
1631087881888039168,1.333850000000000e+02
1631087882144647936,1.333030000000000e+02
1631087882399874560,1.332260000000000e+02
1631087882648793344,1.331650000000000e+02
1631087882903958528,1.331020000000000e+02
1631087883137474048,1.330430000000000e+02
1631087883415678720,1.329860000000000e+02
1631087883647468800,1.329410000000000e+02
1631087883906175744,1.329040000000000e+02
1631087884140381440,1.328820000000000e+02
1631087884398695680,1.328650000000000e+02
1631087884642114048,1.328620000000000e+02
1631087884898694400,1.328530000000000e+02
1631087885131513600,1.328430000000000e+02
1631087885411872512,1.328350000000000e+02
1631087885642181376,1.328340000000000e+02
1631087885889320192,1.328290000000000e+02
1631087886143470592,1.328180000000000e+02
1631087886400021760,1.328210000000000e+02
1631087886654868736,1.328280000000000e+02
1631087886895406080,1.328380000000000e+02
1631087887152070912,1.328490000000000e+02
1631087887408209920,1.328630000000000e+02
1631087887638343936,1.328760000000000e+02
1631087887892114432,1.328880000000000e+02
1631087888148839424,1.329010000000000e+02
1631087888404642816,1.329040000000000e+02
1631087888637954560,1.328950000000000e+02
1631087888892546560,1.328830000000000e+02
1631087889147782144,1.328820000000000e+02
1631087889403102208,1.328960000000000e+02
1631087889635641344,1.329420000000000e+02
1631087889890329856,1.330020000000000e+02
1631087890145794304,1.330720000000000e+02
1631087890401515008,1.331500000000000e+02
1631087890655651328,1.332170000000000e+02
1631087890898583040,1.332660000000000e+02
1631087891152261120,1.333070000000000e+02
1631087891407778816,1.333410000000000e+02
1631087891642795776,1.333890000000000e+02
1631087891903342080,1.334370000000000e+02
1631087892136498688,1.334960000000000e+02
1631087892416359168,1.335550000000000e+02
1631087892657108480,1.336070000000000e+02
1631087892891067904,1.336480000000000e+02
1631087893146138624,1.336830000000000e+02
1631087893403932416,1.337200000000000e+02
1631087893640296960,1.337550000000000e+02
1631087893892913664,1.337900000000000e+02
1631087894146022912,1.338300000000000e+02
1631087894405124608,1.338880000000000e+02
1631087894654862080,1.339490000000000e+02
1631087894889977856,1.340050000000000e+02
1631087895145098496,1.340560000000000e+02
1631087895400801024,1.340990000000000e+02
1631087895657418496,1.341320000000000e+02
1631087895877077248,1.341600000000000e+02
1631087896153401344,1.341840000000000e+02
1631087896407855616,1.342080000000000e+02
1631087896651675648,1.342340000000000e+02
1631087896882820352,1.342510000000000e+02
1631087897138344960,1.342660000000000e+02
1631087897416294656,1.342750000000000e+02
1631087897647748864,1.342850000000000e+02
1631087897905162752,1.343090000000000e+02
1631087898137479936,1.343290000000000e+02
1631087898393495808,1.343600000000000e+02
1631087898646347776,1.343900000000000e+02
1631087898880563968,1.344180000000000e+02
1631087899138018816,1.344420000000000e+02
1631087899392888576,1.344680000000000e+02
1631087899649880576,1.344960000000000e+02
1631087899905807616,1.345250000000000e+02
1631087900140639232,1.345500000000000e+02
1631087900394882304,1.345830000000000e+02
1631087900644006912,1.346170000000000e+02
1631087900899217152,1.346480000000000e+02
1631087901154632704,1.346670000000000e+02
1631087901388596736,1.346830000000000e+02
1631087901644599552,1.347010000000000e+02
1631087901896350976,1.347200000000000e+02
1631087902152971776,1.347420000000000e+02
1631087902409934592,1.347610000000000e+02
1631087902642788608,1.347760000000000e+02
1631087902896555776,1.347940000000000e+02
1631087903152285952,1.348190000000000e+02
1631087903408230912,1.348440000000000e+02
1631087903640124928,1.348730000000000e+02
1631087903894386688,1.349000000000000e+02
1631087904150053632,1.349300000000000e+02
1631087904407369728,1.349470000000000e+02
1631087904654624000,1.349640000000000e+02
1631087904886383104,1.349710000000000e+02
1631087905144583424,1.349650000000000e+02
1631087905401367552,1.349610000000000e+02
1631087905643396608,1.349570000000000e+02
1631087905896610560,1.349510000000000e+02
1631087906154337792,1.349490000000000e+02
1631087906411964672,1.349560000000000e+02
1631087906636826624,1.349630000000000e+02
1631087906896218368,1.349870000000000e+02
1631087907151973632,1.350060000000000e+02
1631087907407820544,1.350260000000000e+02
1631087907640583680,1.350380000000000e+02
1631087907902268928,1.350520000000000e+02
1631087908138238976,1.350600000000000e+02
1631087908416722432,1.350560000000000e+02
1631087908654256640,1.350520000000000e+02
1631087908890091520,1.350480000000000e+02
1631087909144965376,1.350450000000000e+02
1631087909399973888,1.350440000000000e+02
1631087909656470272,1.350450000000000e+02
1631087909887044096,1.350490000000000e+02
1631087910150855168,1.350510000000000e+02
1631087910407361536,1.350500000000000e+02
1631087910639845376,1.350340000000000e+02
1631087910908224000,1.350130000000000e+02
1631087911142898688,1.349910000000000e+02
1631087911399602176,1.349800000000000e+02
1631087911653075968,1.349650000000000e+02
1631087911888100864,1.349360000000000e+02
1631087912143370752,1.349010000000000e+02
1631087912400640512,1.348790000000000e+02
1631087912654947328,1.348580000000000e+02
1631087912906820864,1.348340000000000e+02
1631087913140459776,1.348230000000000e+02
1631087913396611072,1.348170000000000e+02
1631087913645068800,1.348190000000000e+02
1631087913878105344,1.348250000000000e+02
1631087914157153280,1.348350000000000e+02
1631087914413179392,1.348540000000000e+02
1631087914647287808,1.348720000000000e+02
1631087914891479296,1.348820000000000e+02
1631087915149609728,1.348940000000000e+02
1631087915406013184,1.348900000000000e+02
1631087915635806208,1.348890000000000e+02
1631087915904999168,1.348830000000000e+02
1631087916140293888,1.348740000000000e+02
1631087916397458688,1.348700000000000e+02
1631087916630278400,1.348570000000000e+02
1631087916897109760,1.348610000000000e+02
1631087917154854912,1.348740000000000e+02
1631087917411267328,1.348920000000000e+02
1631087917645106176,1.349050000000000e+02
1631087917887515904,1.349190000000000e+02
1631087918154004224,1.349270000000000e+02
1631087918388697600,1.349350000000000e+02
1631087918644779264,1.349410000000000e+02
1631087918914556160,1.349400000000000e+02
1631087919148788736,1.349370000000000e+02
1631087919406648576,1.349380000000000e+02
1631087919639269888,1.349390000000000e+02
1631087919895038208,1.349400000000000e+02
1631087920150363904,1.349390000000000e+02
1631087920407383552,1.349390000000000e+02
1631087920639142656,1.349320000000000e+02
1631087920895777536,1.349350000000000e+02
1631087921146766592,1.349360000000000e+02
1631087921405957888,1.349250000000000e+02
1631087921638372864,1.349210000000000e+02
1631087921904039424,1.349120000000000e+02
1631087922139093760,1.349040000000000e+02
1631087922416618496,1.348920000000000e+02
1631087922642804480,1.348780000000000e+02
1631087922896262912,1.348690000000000e+02
1631087923153945344,1.348720000000000e+02
1631087923410770176,1.348810000000000e+02
1631087923637283328,1.348830000000000e+02
1631087923893101568,1.348910000000000e+02
1631087924149976576,1.349040000000000e+02
1631087924405693440,1.349130000000000e+02
1631087924639226624,1.349210000000000e+02
1631087924891297792,1.349210000000000e+02
1631087925145659648,1.349220000000000e+02
1631087925403005440,1.349060000000000e+02
1631087925642297600,1.349010000000000e+02
1631087925900394752,1.349030000000000e+02
1631087926154973440,1.349110000000000e+02
1631087926410985472,1.349090000000000e+02
1631087926645182720,1.349060000000000e+02
1631087926886779392,1.349100000000000e+02
1631087927148776704,1.349240000000000e+02
1631087927404014336,1.349370000000000e+02
1631087927638670080,1.349480000000000e+02
1631087927907798528,1.349670000000000e+02
1631087928141651968,1.349860000000000e+02
1631087928398494720,1.350070000000000e+02
1631087928647163648,1.350190000000000e+02
1631087928903571200,1.350220000000000e+02
1631087929137374464,1.350280000000000e+02
1631087929416206080,1.350290000000000e+02
1631087929649064448,1.350330000000000e+02
1631087929906323200,1.350370000000000e+02
1631087930139387136,1.350300000000000e+02
1631087930397725440,1.350250000000000e+02
1631087930642856448,1.350230000000000e+02
1631087930897698560,1.350380000000000e+02
1631087931152687616,1.350510000000000e+02
1631087931409789952,1.350550000000000e+02
1631087931642707968,1.350560000000000e+02
1631087931897792256,1.350560000000000e+02
1631087932154505472,1.350520000000000e+02
1631087932411283968,1.350440000000000e+02
1631087932643937792,1.350370000000000e+02
1631087932897691136,1.350240000000000e+02
1631087933153389568,1.350030000000000e+02
1631087933410751744,1.349730000000000e+02
1631087933645438720,1.349360000000000e+02
1631087933901420800,1.349060000000000e+02
1631087934157234688,1.348960000000000e+02
1631087934413716992,1.349020000000000e+02
1631087934645081600,1.349060000000000e+02
1631087934902226176,1.349210000000000e+02
1631087935157590528,1.349410000000000e+02
1631087935414485504,1.349630000000000e+02
1631087935637453056,1.349880000000000e+02
1631087935893452032,1.350170000000000e+02
1631087936149819648,1.350380000000000e+02
1631087936405482496,1.350470000000000e+02
1631087936652778752,1.350580000000000e+02
1631087936906671360,1.350690000000000e+02
1631087937141914624,1.350870000000000e+02
1631087937398636544,1.351150000000000e+02
1631087937637035264,1.351420000000000e+02
1631087937900430080,1.351660000000000e+02
1631087938155799296,1.351810000000000e+02
1631087938413247232,1.352060000000000e+02
1631087938637668864,1.352290000000000e+02
1631087938894014208,1.352470000000000e+02
1631087939146406144,1.352620000000000e+02
1631087939405797120,1.352680000000000e+02
1631087939638354944,1.352620000000000e+02
1631087939899777536,1.352310000000000e+02
1631087940155072256,1.351970000000000e+02
1631087940411539968,1.351600000000000e+02
1631087940639843840,1.351250000000000e+02
1631087940893026304,1.350980000000000e+02
1631087941151134976,1.350690000000000e+02
1631087941407831040,1.350500000000000e+02
1631087941638441216,1.350410000000000e+02
1631087941893177344,1.350280000000000e+02
1631087942149193472,1.350160000000000e+02
1631087942405722368,1.350070000000000e+02
1631087942639418112,1.349950000000000e+02
1631087942889373184,1.349850000000000e+02
1631087943143868160,1.349630000000000e+02
1631087943400355584,1.349360000000000e+02
1631087943644981760,1.349070000000000e+02
1631087943902635520,1.348780000000000e+02
1631087944159113984,1.348430000000000e+02
1631087944416244992,1.348260000000000e+02
1631087944648241408,1.348070000000000e+02
1631087944902140416,1.347930000000000e+02
1631087945158037248,1.347760000000000e+02
1631087945392396800,1.347720000000000e+02
1631087945638432512,1.347730000000000e+02
1631087945906839808,1.347860000000000e+02
1631087946140427776,1.347880000000000e+02
1631087946397391360,1.347720000000000e+02
1631087946651210496,1.347470000000000e+02
1631087946903752192,1.347250000000000e+02
1631087947158867456,1.347070000000000e+02
1631087947415201024,1.347000000000000e+02
1631087947647822080,1.346950000000000e+02
1631087947886786560,1.347060000000000e+02
1631087948146911488,1.347220000000000e+02
1631087948405547264,1.347390000000000e+02
1631087948637519104,1.347480000000000e+02
1631087948893706496,1.347530000000000e+02
1631087949148533760,1.347490000000000e+02
1631087949406449920,1.347370000000000e+02
1631087949645980160,1.347290000000000e+02
1631087949901794048,1.347150000000000e+02
1631087950156454912,1.347100000000000e+02
1631087950413788672,1.347070000000000e+02
1631087950646564352,1.347020000000000e+02
1631087950890146048,1.347000000000000e+02
1631087951145418240,1.346940000000000e+02
1631087951403379968,1.346920000000000e+02
1631087951641854208,1.346830000000000e+02
1631087951896813312,1.346870000000000e+02
1631087952152047104,1.346880000000000e+02
1631087952409719296,1.346830000000000e+02
1631087952639823872,1.346860000000000e+02
1631087952895555328,1.346950000000000e+02
1631087953151497728,1.346880000000000e+02
1631087953407807488,1.346730000000000e+02
1631087953664938752,1.346580000000000e+02
1631087953888294656,1.346400000000000e+02
1631087954144121600,1.346260000000000e+02
1631087954399780864,1.346120000000000e+02
1631087954657253632,1.346040000000000e+02
1631087954890835200,1.345910000000000e+02
1631087955147095552,1.345780000000000e+02
1631087955403999488,1.345570000000000e+02
1631087955647606016,1.345410000000000e+02
1631087955903212032,1.345150000000000e+02
1631087956158292992,1.344890000000000e+02
1631087956415408640,1.344570000000000e+02
1631087956656094464,1.344310000000000e+02
1631087956906818816,1.344050000000000e+02
1631087957141672704,1.343800000000000e+02
1631087957398943488,1.343540000000000e+02
1631087957650703872,1.343350000000000e+02
1631087957907420160,1.343110000000000e+02
1631087958141997568,1.342870000000000e+02
1631087958418255104,1.342650000000000e+02
1631087958650865408,1.342290000000000e+02
1631087958883233792,1.341820000000000e+02
1631087959139667968,1.341370000000000e+02
1631087959419476224,1.340950000000000e+02
1631087959651138048,1.340520000000000e+02
1631087959904864256,1.340160000000000e+02
1631087960138743040,1.339810000000000e+02
1631087960416749312,1.339510000000000e+02
1631087960649051136,1.339110000000000e+02
1631087960903021824,1.338700000000000e+02
1631087961156168448,1.338430000000000e+02
1631087961397796608,1.338230000000000e+02
1631087961635732224,1.337930000000000e+02
1631087961891704576,1.337650000000000e+02
1631087962147486208,1.337280000000000e+02
1631087962403644672,1.336960000000000e+02
1631087962657470464,1.336650000000000e+02
1631087962906236416,1.336310000000000e+02
1631087963142636288,1.335950000000000e+02
1631087963418728704,1.335590000000000e+02
1631087963650640896,1.335160000000000e+02
1631087963907866624,1.334790000000000e+02
1631087964157496832,1.334490000000000e+02
1631087964414644736,1.334230000000000e+02
1631087964647262720,1.333960000000000e+02
1631087964897863424,1.333900000000000e+02
1631087965153435392,1.333820000000000e+02
1631087965409359104,1.333900000000000e+02
1631087965642808320,1.333830000000000e+02
1631087965908961536,1.333900000000000e+02
1631087966141318400,1.334070000000000e+02
1631087966399562240,1.334150000000000e+02
1631087966643924736,1.334230000000000e+02
1631087966899271680,1.334220000000000e+02
1631087967152993536,1.334210000000000e+02
1631087967410166016,1.334330000000000e+02
1631087967638451456,1.334470000000000e+02
1631087967903394048,1.334710000000000e+02
1631087968137932288,1.334940000000000e+02
1631087968415143936,1.335110000000000e+02
1631087968639693312,1.335160000000000e+02
1631087968895038720,1.335200000000000e+02
1631087969149933312,1.335220000000000e+02
1631087969406832640,1.335170000000000e+02
1631087969657245952,1.334980000000000e+02
1631087969890031616,1.334900000000000e+02
1631087970145595904,1.335020000000000e+02
1631087970401910272,1.335530000000000e+02
1631087970633538560,1.336290000000000e+02
1631087970890521088,1.336980000000000e+02
1631087971146508544,1.337740000000000e+02
1631087971402210816,1.338450000000000e+02
1631087971654850048,1.339210000000000e+02
1631087971889579264,1.340170000000000e+02
1631087972144850688,1.341050000000000e+02
1631087972399346944,1.342020000000000e+02
1631087972650804736,1.343000000000000e+02
1631087972906745344,1.343870000000000e+02
1631087973141302528,1.344710000000000e+02
1631087973418746112,1.345420000000000e+02
1631087973651014656,1.346160000000000e+02
1631087973888787712,1.347000000000000e+02
1631087974146243840,1.347940000000000e+02
1631087974402140672,1.348910000000000e+02
1631087974654966272,1.349840000000000e+02
1631087974889154816,1.350610000000000e+02
1631087975142566912,1.351370000000000e+02
1631087975400723200,1.352220000000000e+02
1631087975653741824,1.353040000000000e+02
1631087975900590080,1.353830000000000e+02
1631087976155006208,1.354520000000000e+02
1631087976411557632,1.355260000000000e+02
1631087976644059648,1.356000000000000e+02
1631087976902514688,1.356840000000000e+02
1631087977156344320,1.357800000000000e+02
1631087977413740032,1.358790000000000e+02
1631087977645150976,1.359640000000000e+02
1631087977899086080,1.360390000000000e+02
1631087978154943232,1.361130000000000e+02
1631087978410450944,1.361920000000000e+02
1631087978651792640,1.362710000000000e+02
1631087978906742272,1.363470000000000e+02
1631087979140575488,1.364320000000000e+02
1631087979418838784,1.365060000000000e+02
1631087979628381952,1.365820000000000e+02
1631087979906312704,1.366410000000000e+02
1631087980154356224,1.366910000000000e+02
1631087980411629312,1.367300000000000e+02
1631087980654430208,1.367760000000000e+02
1631087980889209856,1.368280000000000e+02
1631087981145088256,1.368690000000000e+02
1631087981398682880,1.369150000000000e+02
1631087981651650304,1.369670000000000e+02
1631087981908252416,1.370100000000000e+02
1631087982141732096,1.370420000000000e+02
1631087982398479360,1.370740000000000e+02
1631087982642700288,1.371030000000000e+02
1631087982898647552,1.371340000000000e+02
1631087983152517632,1.371720000000000e+02
1631087983408783616,1.372150000000000e+02
1631087983642985216,1.372540000000000e+02
1631087983894992128,1.372870000000000e+02
1631087984127785472,1.373130000000000e+02
1631087984407964672,1.373290000000000e+02
1631087984658088960,1.373600000000000e+02
1631087984891650048,1.373900000000000e+02
1631087985146690048,1.374240000000000e+02
1631087985402755584,1.374560000000000e+02
1631087985648291328,1.374890000000000e+02
1631087985880889856,1.375190000000000e+02
1631087986158170368,1.375490000000000e+02
1631087986414991360,1.375840000000000e+02
1631087986654509056,1.376350000000000e+02
1631087986888309504,1.376850000000000e+02
1631087987143042816,1.377230000000000e+02
1631087987399947264,1.377550000000000e+02
1631087987653788672,1.377880000000000e+02
1631087987887764992,1.378220000000000e+02
1631087988143155456,1.378440000000000e+02
1631087988400083200,1.378620000000000e+02
1631087988628715776,1.378850000000000e+02
1631087988906800640,1.379090000000000e+02
1631087989139497728,1.379430000000000e+02
1631087989417798400,1.379840000000000e+02
1631087989649914624,1.380280000000000e+02
1631087989904214272,1.380810000000000e+02
1631087990137902592,1.381350000000000e+02
1631087990394150656,1.381750000000000e+02
1631087990649138944,1.382130000000000e+02
1631087990907263744,1.382460000000000e+02
1631087991141874944,1.382770000000000e+02
1631087991418778368,1.383080000000000e+02
1631087991650688768,1.383480000000000e+02
1631087991902156800,1.383780000000000e+02
1631087992156324864,1.384040000000000e+02
1631087992413550848,1.384260000000000e+02
1631087992646180096,1.384370000000000e+02
1631087992901852160,1.384740000000000e+02
1631087993134884864,1.385010000000000e+02
1631087993413938688,1.385170000000000e+02
1631087993648289024,1.385360000000000e+02
1631087993897257216,1.385570000000000e+02
1631087994153245440,1.385600000000000e+02
1631087994409483520,1.385390000000000e+02
1631087994642953728,1.385050000000000e+02
1631087994895479552,1.384710000000000e+02
1631087995150788864,1.384400000000000e+02
1631087995407116288,1.384180000000000e+02
1631087995639743232,1.383980000000000e+02
1631087995906469632,1.383800000000000e+02
1631087996141815040,1.383530000000000e+02
1631087996418333952,1.383330000000000e+02
1631087996650635520,1.383300000000000e+02
1631087996903415808,1.383250000000000e+02
1631087997158398208,1.383270000000000e+02
1631087997414696448,1.383280000000000e+02
1631087997628165376,1.383160000000000e+02
1631087997906660352,1.382990000000000e+02
1631087998140086016,1.382670000000000e+02
1631087998418863872,1.382300000000000e+02
1631087998650472704,1.381770000000000e+02
1631087998898034688,1.381100000000000e+02
1631087999154167040,1.380510000000000e+02
1631087999410433280,1.380040000000000e+02
1631087999643309056,1.379750000000000e+02
1631087999895472384,1.379650000000000e+02
1631088000150323200,1.379720000000000e+02
1631088000406018304,1.379740000000000e+02
1631088000639126272,1.379630000000000e+02
1631088000905414144,1.379620000000000e+02
1631088001138400256,1.379660000000000e+02
1631088001416290048,1.379700000000000e+02
1631088001650533632,1.379770000000000e+02
1631088001903698176,1.379820000000000e+02
1631088002158736896,1.379870000000000e+02
1631088002416232192,1.379860000000000e+02
1631088002647271680,1.379880000000000e+02
1631088002888178176,1.380050000000000e+02
1631088003148550656,1.380130000000000e+02
1631088003405168384,1.380180000000000e+02
1631088003652246016,1.380070000000000e+02
1631088003906848768,1.380010000000000e+02
1631088004141415424,1.380070000000000e+02
1631088004418453504,1.380210000000000e+02
1631088004651622656,1.380190000000000e+02
1631088004887579136,1.380050000000000e+02
1631088005143697664,1.379840000000000e+02
1631088005400565504,1.379790000000000e+02
1631088005640354304,1.379700000000000e+02
1631088005894544384,1.379520000000000e+02
1631088006149876736,1.379420000000000e+02
1631088006405976576,1.379490000000000e+02
1631088006640442624,1.379580000000000e+02
1631088006887292160,1.379730000000000e+02
1631088007149881344,1.379930000000000e+02
1631088007429218304,1.380120000000000e+02
1631088007659305984,1.380230000000000e+02
1631088007901790720,1.380210000000000e+02
1631088008156669440,1.380010000000000e+02
1631088008413840896,1.379830000000000e+02
1631088008654850304,1.379670000000000e+02
1631088008888665344,1.379570000000000e+02
1631088009143669504,1.379520000000000e+02
1631088009400250624,1.379320000000000e+02
1631088009653479680,1.379100000000000e+02
1631088009911125760,1.379070000000000e+02
1631088010155121408,1.379180000000000e+02
1631088010411964160,1.379490000000000e+02
1631088010639204864,1.379810000000000e+02
1631088010890942208,1.380060000000000e+02
1631088011145708544,1.380180000000000e+02
1631088011403293696,1.380220000000000e+02
1631088011656028416,1.380320000000000e+02
1631088011888147712,1.380260000000000e+02
1631088012146468352,1.380210000000000e+02
1631088012403098624,1.380080000000000e+02
1631088012656680192,1.379890000000000e+02
1631088012902269952,1.379670000000000e+02
1631088013157701376,1.379480000000000e+02
1631088013416175104,1.379320000000000e+02
1631088013647259392,1.379240000000000e+02
1631088013903123456,1.379120000000000e+02
1631088014138283776,1.379000000000000e+02
1631088014398873088,1.378890000000000e+02
1631088014651904256,1.378620000000000e+02
1631088014899898880,1.378290000000000e+02
1631088015153770752,1.378120000000000e+02
1631088015410653440,1.378020000000000e+02
1631088015643212800,1.377850000000000e+02
1631088015888246272,1.377650000000000e+02
1631088016166029312,1.377540000000000e+02
1631088016399094272,1.377240000000000e+02
1631088016653724160,1.377090000000000e+02
1631088016908315904,1.376990000000000e+02
1631088017140981504,1.376860000000000e+02
1631088017412842752,1.376870000000000e+02
1631088017645233408,1.376890000000000e+02
1631088017899617280,1.377120000000000e+02
1631088018139562752,1.377370000000000e+02
1631088018408798208,1.377620000000000e+02
1631088018641246720,1.377780000000000e+02
1631088018889314048,1.377850000000000e+02
1631088019144329728,1.377880000000000e+02
1631088019400910848,1.377890000000000e+02
1631088019653176832,1.377760000000000e+02
1631088019909097728,1.377570000000000e+02
1631088020141172736,1.377290000000000e+02
1631088020398673920,1.376970000000000e+02
1631088020652382976,1.376620000000000e+02
1631088020907140608,1.376410000000000e+02
1631088021165634304,1.376190000000000e+02
1631088021400112128,1.376070000000000e+02
1631088021653726464,1.376030000000000e+02
1631088021902889728,1.375970000000000e+02
1631088022138334464,1.375900000000000e+02
1631088022415424512,1.375850000000000e+02
1631088022648499200,1.375660000000000e+02
1631088022903071232,1.375400000000000e+02
1631088023138548480,1.375210000000000e+02
1631088023415985664,1.375090000000000e+02
1631088023648270592,1.375040000000000e+02
1631088023902752512,1.374960000000000e+02
1631088024153434624,1.374870000000000e+02
1631088024409420032,1.374710000000000e+02
1631088024644335616,1.374500000000000e+02
1631088024900898560,1.374320000000000e+02
1631088025155193600,1.374130000000000e+02
1631088025411503616,1.374100000000000e+02
1631088025643845888,1.374120000000000e+02
1631088025889728768,1.374150000000000e+02
1631088026145361920,1.374180000000000e+02
1631088026402098432,1.374140000000000e+02
1631088026657068800,1.374060000000000e+02
1631088026912804608,1.373830000000000e+02
1631088027144910336,1.373560000000000e+02
1631088027401380864,1.373350000000000e+02
1631088027639109376,1.373150000000000e+02
1631088027907059200,1.372930000000000e+02
1631088028139442944,1.372550000000000e+02
1631088028417556992,1.372060000000000e+02
1631088028639252992,1.371370000000000e+02
1631088028894215936,1.370810000000000e+02
1631088029147873792,1.370250000000000e+02
1631088029405923072,1.369720000000000e+02
1631088029658919680,1.369000000000000e+02
1631088029894277120,1.368240000000000e+02
1631088030149702656,1.367280000000000e+02
1631088030399853312,1.366400000000000e+02
1631088030646345472,1.365770000000000e+02
1631088030900625408,1.365100000000000e+02
1631088031156529664,1.364490000000000e+02
1631088031412861696,1.363870000000000e+02
1631088031643919872,1.363410000000000e+02
1631088031899812608,1.363050000000000e+02
1631088032141593344,1.362570000000000e+02
1631088032419003136,1.362010000000000e+02
1631088032652000768,1.361280000000000e+02
1631088032889873920,1.360400000000000e+02
1631088033149596160,1.359510000000000e+02
1631088033406143744,1.358590000000000e+02
1631088033637240064,1.357750000000000e+02
1631088033912025856,1.356900000000000e+02
1631088034142393856,1.355870000000000e+02
1631088034399484160,1.354900000000000e+02
1631088034652252416,1.354020000000000e+02
1631088034908717312,1.353120000000000e+02
1631088035140339200,1.352080000000000e+02
1631088035418449920,1.351030000000000e+02
1631088035638843136,1.349870000000000e+02
1631088035906635520,1.348850000000000e+02
1631088036141422336,1.347990000000000e+02
1631088036418568960,1.347140000000000e+02
1631088036650523136,1.346330000000000e+02
1631088036904910592,1.345610000000000e+02
1631088037159189248,1.344980000000000e+02
1631088037415836416,1.344320000000000e+02
1631088037646296576,1.343610000000000e+02
1631088037901051648,1.342860000000000e+02
1631088038133523968,1.342170000000000e+02
1631088038411596288,1.341530000000000e+02
1631088038643337728,1.340870000000000e+02
1631088038898910464,1.340210000000000e+02
1631088039157543936,1.339590000000000e+02
1631088039412514560,1.338930000000000e+02
1631088039645118720,1.338270000000000e+02
1631088039899563264,1.337540000000000e+02
1631088040169508864,1.336780000000000e+02
1631088040403475712,1.336180000000000e+02
1631088040656322048,1.335420000000000e+02
1631088040902115072,1.334660000000000e+02
1631088041157578496,1.333780000000000e+02
1631088041414406656,1.333030000000000e+02
1631088041669545472,1.332280000000000e+02
1631088041898977536,1.331720000000000e+02
1631088042153750784,1.331320000000000e+02
1631088042410244864,1.331040000000000e+02
1631088042640456448,1.330960000000000e+02
1631088042896976128,1.330800000000000e+02
1631088043153231872,1.330600000000000e+02
1631088043410396160,1.330300000000000e+02
1631088043639350272,1.330020000000000e+02
1631088043900822528,1.329830000000000e+02
1631088044156005376,1.329790000000000e+02
1631088044411650304,1.329610000000000e+02
1631088044640257024,1.329440000000000e+02
1631088044893439744,1.329380000000000e+02
1631088045148770816,1.329280000000000e+02
1631088045405806592,1.329470000000000e+02
1631088045646507264,1.329590000000000e+02
1631088045904495104,1.329690000000000e+02
1631088046155949568,1.329860000000000e+02
1631088046413389312,1.329930000000000e+02
1631088046657965056,1.329900000000000e+02
1631088046891758848,1.329810000000000e+02
1631088047145944576,1.329710000000000e+02
1631088047401449984,1.329670000000000e+02
1631088047654247168,1.329770000000000e+02
1631088047909491968,1.330130000000000e+02
1631088048142300416,1.330570000000000e+02
1631088048400087552,1.331050000000000e+02
1631088048652129792,1.331720000000000e+02
1631088048906996480,1.332510000000000e+02
1631088049140279552,1.333300000000000e+02
1631088049419397632,1.333820000000000e+02
1631088049639473664,1.334360000000000e+02
1631088049888897536,1.334900000000000e+02
1631088050143451648,1.335340000000000e+02
1631088050400518144,1.335770000000000e+02
1631088050652250880,1.336290000000000e+02
1631088050909746944,1.336870000000000e+02
1631088051140654848,1.337390000000000e+02
1631088051419135232,1.337810000000000e+02
1631088051652013312,1.338200000000000e+02
1631088051906455040,1.338600000000000e+02
1631088052139960320,1.339060000000000e+02
1631088052407450624,1.339480000000000e+02
1631088052639924992,1.339970000000000e+02
1631088052894734592,1.340320000000000e+02
1631088053149417728,1.340740000000000e+02
1631088053405686784,1.341150000000000e+02
1631088053651627008,1.341540000000000e+02
1631088053895378688,1.341920000000000e+02
1631088054149502720,1.342170000000000e+02
1631088054406183936,1.342330000000000e+02
1631088054661012992,1.342480000000000e+02
1631088054888749056,1.342570000000000e+02
1631088055145600512,1.342740000000000e+02
1631088055426787840,1.342830000000000e+02
1631088055654541568,1.342900000000000e+02
1631088055915308288,1.343090000000000e+02
1631088056146799616,1.343310000000000e+02
1631088056408958976,1.343530000000000e+02
1631088056657467904,1.343780000000000e+02
1631088056913149184,1.344080000000000e+02
1631088057143874304,1.344340000000000e+02
1631088057422913792,1.344740000000000e+02
1631088057652303360,1.345160000000000e+02
1631088057907288576,1.345470000000000e+02
1631088058141287168,1.345720000000000e+02
1631088058409534208,1.345860000000000e+02
1631088058647312128,1.346020000000000e+02
1631088058901678336,1.346250000000000e+02
1631088059156829440,1.346600000000000e+02
1631088059413790208,1.346900000000000e+02
1631088059659366144,1.347290000000000e+02
1631088059892629760,1.347750000000000e+02
1631088060147023360,1.348280000000000e+02
1631088060403027968,1.348730000000000e+02
1631088060657323008,1.349160000000000e+02
1631088060894425088,1.349580000000000e+02
1631088061150126592,1.350070000000000e+02
1631088061427408640,1.350460000000000e+02
1631088061639654912,1.350830000000000e+02
1631088061900778752,1.351270000000000e+02
1631088062156708864,1.351560000000000e+02
1631088062411810048,1.351730000000000e+02
1631088062644234240,1.351840000000000e+02
1631088062890770176,1.351830000000000e+02
1631088063152295936,1.351840000000000e+02
1631088063407645952,1.351890000000000e+02
1631088063656121344,1.351800000000000e+02
1631088063909098752,1.351660000000000e+02
1631088064142332416,1.351510000000000e+02
1631088064419374592,1.351430000000000e+02
1631088064652114944,1.351340000000000e+02
1631088064908497920,1.351230000000000e+02
1631088065141607936,1.351030000000000e+02
1631088065419917312,1.350790000000000e+02
1631088065638508544,1.350540000000000e+02
1631088065909687552,1.350400000000000e+02
1631088066142768384,1.350280000000000e+02
1631088066420389888,1.350180000000000e+02
1631088066651879424,1.350130000000000e+02
1631088066906559488,1.350080000000000e+02
1631088067139862784,1.350260000000000e+02
1631088067418547456,1.350430000000000e+02
1631088067654767360,1.350480000000000e+02
1631088067909369344,1.350500000000000e+02
1631088068142957312,1.350420000000000e+02
1631088068419579136,1.350250000000000e+02
1631088068653828352,1.350140000000000e+02
1631088068907749888,1.350150000000000e+02
1631088069141800704,1.350090000000000e+02
1631088069418518272,1.350050000000000e+02
1631088069649547520,1.350050000000000e+02
1631088069905480448,1.350060000000000e+02
1631088070158510848,1.350130000000000e+02
1631088070414666240,1.350290000000000e+02
1631088070646744064,1.350360000000000e+02
1631088070904861696,1.350410000000000e+02
1631088071159592192,1.350400000000000e+02
1631088071415132928,1.350390000000000e+02
1631088071648059648,1.350420000000000e+02
1631088071902702592,1.350420000000000e+02
1631088072155424512,1.350460000000000e+02
1631088072411958272,1.350490000000000e+02
1631088072643126272,1.350390000000000e+02
1631088072893379072,1.350290000000000e+02
1631088073144577792,1.350190000000000e+02
1631088073400624896,1.350190000000000e+02
1631088073656262144,1.350250000000000e+02
1631088073909249280,1.350210000000000e+02
1631088074152080640,1.350110000000000e+02
1631088074407403008,1.349900000000000e+02
1631088074640110080,1.349690000000000e+02
1631088074907093248,1.349610000000000e+02
1631088075140219904,1.349620000000000e+02
1631088075417441792,1.349650000000000e+02
1631088075649964544,1.349630000000000e+02
1631088075889587200,1.349510000000000e+02
1631088076150482688,1.349370000000000e+02
1631088076430094592,1.349310000000000e+02
1631088076659720192,1.349260000000000e+02
1631088076895496192,1.349150000000000e+02
1631088077149406720,1.349090000000000e+02
1631088077427712768,1.349000000000000e+02
1631088077658301440,1.348840000000000e+02
1631088077894156288,1.348690000000000e+02
1631088078144675840,1.348750000000000e+02
1631088078401920512,1.348840000000000e+02
1631088078638258688,1.349010000000000e+02
1631088078901346048,1.349030000000000e+02
1631088079157068544,1.348960000000000e+02
1631088079414142464,1.348790000000000e+02
1631088079645598976,1.348590000000000e+02
1631088079889874944,1.348350000000000e+02
1631088080152625664,1.348200000000000e+02
1631088080408084480,1.348150000000000e+02
1631088080639832064,1.348140000000000e+02
1631088080891841280,1.348220000000000e+02
1631088081145990656,1.348300000000000e+02
1631088081399243264,1.348400000000000e+02
1631088081646485760,1.348580000000000e+02
1631088081901117440,1.348810000000000e+02
1631088082155608576,1.349090000000000e+02
1631088082412812032,1.349260000000000e+02
1631088082639028992,1.349440000000000e+02
1631088082894288640,1.349570000000000e+02
1631088083150717184,1.349590000000000e+02
1631088083429452544,1.349660000000000e+02
1631088083658436864,1.349650000000000e+02
1631088083889448192,1.349570000000000e+02
1631088084144543488,1.349490000000000e+02
1631088084401516032,1.349400000000000e+02
1631088084656847104,1.349410000000000e+02
1631088084907599872,1.349440000000000e+02
1631088085140767488,1.349570000000000e+02
1631088085420795392,1.349620000000000e+02
1631088085652077568,1.349620000000000e+02
1631088085907590144,1.349530000000000e+02
1631088086158720512,1.349400000000000e+02
1631088086413341184,1.349320000000000e+02
1631088086640462336,1.349150000000000e+02
1631088086910755328,1.349100000000000e+02
1631088087164456448,1.349180000000000e+02
1631088087420232960,1.349360000000000e+02
1631088087646672384,1.349560000000000e+02
1631088087903234560,1.349760000000000e+02
1631088088157693440,1.349910000000000e+02
1631088088414241536,1.349960000000000e+02
1631088088645315840,1.349910000000000e+02
1631088088900464896,1.349730000000000e+02
1631088089157087488,1.349600000000000e+02
1631088089414004992,1.349520000000000e+02
1631088089645267968,1.349450000000000e+02
1631088089900627712,1.349380000000000e+02
1631088090153005056,1.349290000000000e+02
1631088090409894912,1.349190000000000e+02
1631088090640208896,1.349160000000000e+02
1631088090903796992,1.349120000000000e+02
1631088091158419456,1.349050000000000e+02
1631088091415208960,1.348980000000000e+02
1631088091647214848,1.348920000000000e+02
1631088091901908992,1.348870000000000e+02
1631088092139523072,1.348850000000000e+02
1631088092400230656,1.348770000000000e+02
1631088092652867584,1.348740000000000e+02
1631088092907965184,1.348770000000000e+02
1631088093151203584,1.348850000000000e+02
1631088093405997568,1.348940000000000e+02
1631088093660198400,1.349060000000000e+02
1631088093893880320,1.349160000000000e+02
1631088094147397632,1.349210000000000e+02
1631088094404289792,1.349280000000000e+02
1631088094640054784,1.349280000000000e+02
1631088094896338432,1.349370000000000e+02
1631088095152469504,1.349350000000000e+02
1631088095430436096,1.349480000000000e+02
1631088095638832640,1.349680000000000e+02
1631088095911646976,1.349870000000000e+02
1631088096165850368,1.350000000000000e+02
1631088096422524928,1.350080000000000e+02
1631088096652894208,1.350100000000000e+02
1631088096908981248,1.350130000000000e+02
1631088097169464832,1.350150000000000e+02
1631088097424873472,1.350110000000000e+02
1631088097658321408,1.349990000000000e+02
1631088097890251776,1.349940000000000e+02
1631088098167842816,1.349960000000000e+02
1631088098399886080,1.349950000000000e+02
1631088098653942784,1.350010000000000e+02
1631088098909835264,1.350120000000000e+02
1631088099139145984,1.350220000000000e+02
1631088099403208960,1.350280000000000e+02
1631088099644721152,1.350320000000000e+02
1631088099899969792,1.350380000000000e+02
1631088100154986496,1.350450000000000e+02
1631088100410586880,1.350400000000000e+02
1631088100639768320,1.350370000000000e+02
1631088100896110080,1.350310000000000e+02
1631088101150805504,1.350330000000000e+02
1631088101406419968,1.350430000000000e+02
1631088101659643392,1.350380000000000e+02
1631088101889335296,1.350380000000000e+02
1631088102146691072,1.350400000000000e+02
1631088102402897664,1.350520000000000e+02
1631088102646069504,1.350480000000000e+02
1631088102901223168,1.350460000000000e+02
1631088103157434112,1.350400000000000e+02
1631088103411497472,1.350240000000000e+02
1631088103644076544,1.350140000000000e+02
1631088103898454016,1.350140000000000e+02
1631088104159627520,1.350150000000000e+02
1631088104413413632,1.350200000000000e+02
1631088104645762048,1.350330000000000e+02
1631088104900492800,1.350510000000000e+02
1631088105153521920,1.350530000000000e+02
1631088105411417600,1.350490000000000e+02
1631088105657136640,1.350240000000000e+02
1631088105891539712,1.350080000000000e+02
1631088106145963008,1.349890000000000e+02
1631088106403215872,1.349800000000000e+02
1631088106655705856,1.349830000000000e+02
1631088106898970368,1.349740000000000e+02
1631088107154123520,1.349640000000000e+02
1631088107407568128,1.349530000000000e+02
1631088107640463360,1.349390000000000e+02
1631088107893909504,1.349260000000000e+02
1631088108149987840,1.349210000000000e+02
1631088108405422080,1.349100000000000e+02
1631088108660069376,1.348900000000000e+02
1631088108891638528,1.348720000000000e+02
1631088109147907072,1.348640000000000e+02
1631088109426952448,1.348630000000000e+02
1631088109641435392,1.348640000000000e+02
1631088109895640064,1.348570000000000e+02
1631088110150219008,1.348320000000000e+02
1631088110406386688,1.347900000000000e+02
1631088110659859968,1.347380000000000e+02
1631088110894028288,1.346940000000000e+02
1631088111148087808,1.346530000000000e+02
1631088111405146624,1.346210000000000e+02
1631088111658607360,1.345960000000000e+02
1631088111910916864,1.345850000000000e+02
1631088112166620928,1.345670000000000e+02
1631088112399922176,1.345460000000000e+02
1631088112638850048,1.345350000000000e+02
1631088112902846208,1.345130000000000e+02
1631088113158795264,1.344740000000000e+02
1631088113414691584,1.344400000000000e+02
1631088113654868224,1.344000000000000e+02
1631088113909699840,1.343620000000000e+02
1631088114143416320,1.343220000000000e+02
1631088114398921728,1.342980000000000e+02
1631088114653380608,1.342810000000000e+02
1631088114907429120,1.342760000000000e+02
1631088115142590208,1.342670000000000e+02
1631088115409617408,1.342620000000000e+02
1631088115670525696,1.342510000000000e+02
1631088115911298816,1.342350000000000e+02
1631088116165909504,1.342130000000000e+02
1631088116399923456,1.341870000000000e+02
1631088116638777856,1.341650000000000e+02
1631088116895230208,1.341370000000000e+02
1631088117149542400,1.341120000000000e+02
1631088117429897984,1.340880000000000e+02
1631088117658938112,1.340560000000000e+02
1631088117914360064,1.340240000000000e+02
1631088118169885184,1.339990000000000e+02
1631088118410460928,1.339770000000000e+02
1631088118659041536,1.339560000000000e+02
1631088118893283840,1.339420000000000e+02
1631088119147779328,1.339190000000000e+02
1631088119428407552,1.338970000000000e+02
1631088119657467648,1.338700000000000e+02
1631088119906454528,1.338460000000000e+02
1631088120139099392,1.338170000000000e+02
1631088120417467904,1.337900000000000e+02
1631088120649084672,1.337640000000000e+02
1631088120904080128,1.337370000000000e+02
1631088121141872384,1.337100000000000e+02
1631088121419996160,1.336930000000000e+02
1631088121651115264,1.336640000000000e+02
1631088121905521920,1.336180000000000e+02
1631088122162828544,1.335790000000000e+02
1631088122400984832,1.335560000000000e+02
1631088122658374912,1.335510000000000e+02
1631088122890826240,1.335370000000000e+02
1631088123146487808,1.335310000000000e+02
1631088123402461440,1.335220000000000e+02
1631088123629076224,1.335180000000000e+02
1631088123908698112,1.335280000000000e+02
1631088124142029824,1.335320000000000e+02
1631088124422543616,1.335240000000000e+02
1631088124643023104,1.335160000000000e+02
1631088124888946176,1.334920000000000e+02
1631088125143641344,1.334670000000000e+02
1631088125401550080,1.334450000000000e+02
1631088125653981952,1.334320000000000e+02
1631088125907862272,1.334380000000000e+02
1631088126141951232,1.334590000000000e+02
1631088126403902464,1.334960000000000e+02
1631088126658471936,1.335420000000000e+02
1631088126890071808,1.335870000000000e+02
1631088127149074176,1.336200000000000e+02
1631088127427140352,1.336380000000000e+02
1631088127643163136,1.336540000000000e+02
1631088127920558080,1.336880000000000e+02
1631088128152717056,1.337350000000000e+02
1631088128409450240,1.337960000000000e+02
1631088128642733824,1.338800000000000e+02
1631088128897879296,1.339700000000000e+02
1631088129152233984,1.340580000000000e+02
1631088129408369408,1.341300000000000e+02
1631088129639933952,1.342030000000000e+02
1631088129901328128,1.342720000000000e+02
1631088130155729408,1.343370000000000e+02
1631088130412733440,1.344130000000000e+02
1631088130658780160,1.344990000000000e+02
1631088130894885120,1.345830000000000e+02
1631088131146259712,1.346490000000000e+02
1631088131402458112,1.347150000000000e+02
1631088131656174080,1.347860000000000e+02
1631088131911229440,1.348660000000000e+02
1631088132143801088,1.349410000000000e+02
1631088132400100352,1.350170000000000e+02
1631088132636281088,1.350750000000000e+02
1631088132907863552,1.351450000000000e+02
1631088133141584640,1.352120000000000e+02
1631088133415938560,1.352950000000000e+02
1631088133650065664,1.353910000000000e+02
1631088133904554496,1.354810000000000e+02
1631088134159561728,1.355510000000000e+02
1631088134415519232,1.356170000000000e+02
1631088134649355008,1.356780000000000e+02
1631088134904269568,1.357450000000000e+02
1631088135158399488,1.358160000000000e+02
1631088135414834432,1.358840000000000e+02
1631088135647151616,1.359560000000000e+02
1631088135894722560,1.360480000000000e+02
1631088136149437952,1.361360000000000e+02
1631088136428008960,1.362220000000000e+02
1631088136658617088,1.362870000000000e+02
1631088136892096256,1.363470000000000e+02
1631088137141065216,1.364110000000000e+02
1631088137419834880,1.364830000000000e+02
1631088137648885760,1.365590000000000e+02
1631088137903694592,1.366400000000000e+02
1631088138159418880,1.367150000000000e+02
1631088138417835520,1.368050000000000e+02
1631088138669760768,1.368710000000000e+02
1631088138901963008,1.369280000000000e+02
1631088139156652800,1.369790000000000e+02
1631088139413978112,1.370240000000000e+02
1631088139666523136,1.370710000000000e+02
1631088139898274304,1.371200000000000e+02
1631088140153461504,1.371640000000000e+02
1631088140409292544,1.372070000000000e+02
1631088140643383808,1.372650000000000e+02
1631088140906955264,1.373400000000000e+02
1631088141140663040,1.374130000000000e+02
1631088141417630208,1.374710000000000e+02
1631088141649227264,1.375090000000000e+02
1631088141904828160,1.375480000000000e+02
1631088142148084224,1.375830000000000e+02
1631088142404373760,1.376090000000000e+02
1631088142667544064,1.376340000000000e+02
1631088142900818944,1.376550000000000e+02
1631088143154503680,1.376590000000000e+02
1631088143410448128,1.376600000000000e+02
1631088143642588416,1.376670000000000e+02
1631088143896596736,1.376810000000000e+02
1631088144151645440,1.377040000000000e+02
1631088144403400704,1.377290000000000e+02
1631088144656129280,1.377600000000000e+02
1631088144891129088,1.377830000000000e+02
1631088145142823424,1.378060000000000e+02
1631088145419373312,1.378440000000000e+02
1631088145652172800,1.378930000000000e+02
1631088145906491648,1.379450000000000e+02
1631088146139388672,1.379980000000000e+02
1631088146417320960,1.380430000000000e+02
1631088146648136192,1.380840000000000e+02
1631088146902552832,1.381200000000000e+02
1631088147157395456,1.381520000000000e+02
1631088147416206336,1.381690000000000e+02
1631088147644827392,1.381750000000000e+02
1631088147892805120,1.381750000000000e+02
1631088148168191232,1.381710000000000e+02
1631088148403513088,1.381650000000000e+02
1631088148656202240,1.381800000000000e+02
1631088148910275584,1.382020000000000e+02
1631088149143714816,1.382310000000000e+02
1631088149409973504,1.382520000000000e+02
1631088149645123072,1.382700000000000e+02
1631088149899246592,1.382870000000000e+02
1631088150153911552,1.383070000000000e+02
1631088150410139904,1.383230000000000e+02
1631088150630710528,1.383500000000000e+02
1631088150910007808,1.383780000000000e+02
1631088151144131584,1.383960000000000e+02
1631088151423303680,1.384110000000000e+02
1631088151641422336,1.384200000000000e+02
1631088151898249216,1.384100000000000e+02
1631088152154002688,1.384020000000000e+02
1631088152410623232,1.384180000000000e+02
1631088152640789504,1.384420000000000e+02
1631088152895687936,1.384630000000000e+02
1631088153159107072,1.384650000000000e+02
1631088153416372480,1.384500000000000e+02
1631088153647070208,1.384370000000000e+02
1631088153900324608,1.384170000000000e+02
1631088154154614016,1.384060000000000e+02
1631088154411684096,1.384000000000000e+02
1631088154639802880,1.384100000000000e+02
1631088154910350080,1.384080000000000e+02
1631088155146252544,1.384110000000000e+02
1631088155401384704,1.384110000000000e+02
1631088155653151232,1.384140000000000e+02
1631088155907871744,1.383930000000000e+02
1631088156141049856,1.383710000000000e+02
1631088156418461952,1.383470000000000e+02
1631088156639309568,1.383250000000000e+02
1631088156898240000,1.383160000000000e+02
1631088157153122560,1.383150000000000e+02
1631088157412261120,1.383310000000000e+02
1631088157648086784,1.383420000000000e+02
1631088157902783744,1.383480000000000e+02
1631088158158881280,1.383530000000000e+02
1631088158414670336,1.383510000000000e+02
1631088158646123776,1.383440000000000e+02
1631088158908397312,1.383470000000000e+02
1631088159141755904,1.383380000000000e+02
1631088159418503424,1.383320000000000e+02
1631088159651293440,1.383240000000000e+02
1631088159905929984,1.383180000000000e+02
1631088160140393984,1.383040000000000e+02
1631088160420646912,1.383010000000000e+02
1631088160651970560,1.382970000000000e+02
1631088160891358976,1.383040000000000e+02
1631088161154029824,1.383040000000000e+02
1631088161410664448,1.382880000000000e+02
1631088161657219840,1.382730000000000e+02
1631088161890584320,1.382340000000000e+02
1631088162146007552,1.382000000000000e+02
1631088162400825600,1.381900000000000e+02
1631088162654684416,1.381780000000000e+02
1631088162907066368,1.381790000000000e+02
1631088163164392192,1.381750000000000e+02
1631088163417769472,1.381650000000000e+02
1631088163649992192,1.381880000000000e+02
1631088163904027648,1.382020000000000e+02
1631088164148076288,1.382020000000000e+02
1631088164404077056,1.382050000000000e+02
1631088164656581120,1.382070000000000e+02
1631088164912456192,1.382140000000000e+02
1631088165167477248,1.382280000000000e+02
1631088165400692736,1.382460000000000e+02
1631088165649578752,1.382800000000000e+02
1631088165894937600,1.383150000000000e+02
1631088166145731840,1.383540000000000e+02
1631088166400536320,1.383890000000000e+02
1631088166647899904,1.384220000000000e+02
1631088166903012608,1.384410000000000e+02
1631088167157687040,1.384450000000000e+02
1631088167414875904,1.384320000000000e+02
1631088167646748416,1.384120000000000e+02
1631088167900915456,1.383880000000000e+02
1631088168160975616,1.383560000000000e+02
1631088168417673472,1.383400000000000e+02
1631088168637692672,1.383100000000000e+02
1631088168896283648,1.382840000000000e+02
1631088169150578432,1.382740000000000e+02
1631088169406294528,1.382620000000000e+02
1631088169660253696,1.382670000000000e+02
1631088169890147328,1.382700000000000e+02
1631088170149252608,1.382660000000000e+02
1631088170405446144,1.382640000000000e+02
1631088170657966080,1.382810000000000e+02
1631088170911511552,1.383000000000000e+02
1631088171144589312,1.383200000000000e+02
1631088171401284096,1.383360000000000e+02
1631088171649165312,1.383470000000000e+02
1631088171903510272,1.383560000000000e+02
1631088172158312448,1.383420000000000e+02
1631088172414090752,1.382850000000000e+02
1631088172646279936,1.381790000000000e+02
1631088172900141568,1.380350000000000e+02
1631088173154801920,1.378610000000000e+02
1631088173412931072,1.376290000000000e+02
1631088173642322432,1.373630000000000e+02
1631088173920288768,1.370900000000000e+02
1631088174151319808,1.368120000000000e+02
1631088174407780096,1.365240000000000e+02
1631088174642311680,1.362160000000000e+02
1631088174890279168,1.358950000000000e+02
1631088175152672256,1.355450000000000e+02
1631088175408969984,1.351880000000000e+02
1631088175652467200,1.347970000000000e+02
1631088175907316736,1.344020000000000e+02
1631088176140999680,1.339980000000000e+02
1631088176419156736,1.335700000000000e+02
1631088176650498304,1.331370000000000e+02
1631088176895858688,1.327050000000000e+02
1631088177151232512,1.322780000000000e+02
1631088177407556352,1.318570000000000e+02
1631088177633326336,1.314320000000000e+02
1631088177909959936,1.309990000000000e+02
1631088178143379456,1.305610000000000e+02
1631088178420717824,1.301090000000000e+02
1631088178652869888,1.296540000000000e+02
1631088178891016192,1.291920000000000e+02
1631088179152496128,1.287270000000000e+02
1631088179408010496,1.282510000000000e+02
1631088179653757184,1.277640000000000e+02
1631088179908640000,1.272860000000000e+02
1631088180142041088,1.268020000000000e+02
1631088180418507520,1.263130000000000e+02
1631088180650714368,1.258200000000000e+02
1631088180904765440,1.253170000000000e+02
1631088181157526528,1.248110000000000e+02
1631088181414575360,1.242870000000000e+02
1631088181645147648,1.237540000000000e+02
1631088181902039552,1.232000000000000e+02
1631088182142781440,1.226510000000000e+02
1631088182422535936,1.220960000000000e+02
1631088182650317312,1.215370000000000e+02
1631088182894515712,1.209770000000000e+02
1631088183154505472,1.204150000000000e+02
1631088183411035904,1.198530000000000e+02
1631088183642165248,1.192900000000000e+02
1631088183906774784,1.187230000000000e+02
1631088184161433600,1.181700000000000e+02
1631088184417124608,1.176110000000000e+02
1631088184640700160,1.170640000000000e+02
1631088184890966272,1.165160000000000e+02
1631088185146303488,1.159650000000000e+02
1631088185402949120,1.154140000000000e+02
1631088185655144960,1.148540000000000e+02
1631088185900763392,1.142890000000000e+02
1631088186157873664,1.137090000000000e+02
1631088186414172160,1.131240000000000e+02
1631088186646142208,1.125350000000000e+02
1631088186892047872,1.119410000000000e+02
1631088187145672960,1.113380000000000e+02
1631088187401428736,1.107490000000000e+02
1631088187649550080,1.101710000000000e+02
1631088187904026368,1.095850000000000e+02
1631088188158702592,1.089890000000000e+02
1631088188414322432,1.083860000000000e+02
1631088188646345984,1.077730000000000e+02
1631088188900908288,1.071620000000000e+02
1631088189169249792,1.065450000000000e+02
1631088189402855680,1.059260000000000e+02
1631088189643562240,1.053030000000000e+02
1631088189897673216,1.046800000000000e+02
1631088190154031872,1.040640000000000e+02
1631088190409255424,1.034290000000000e+02
1631088190662080512,1.027910000000000e+02
1631088190900554752,1.021490000000000e+02
1631088191155291648,1.015000000000000e+02
1631088191411196928,1.008650000000000e+02
1631088191659082240,1.002400000000000e+02
1631088191892197120,9.962200000000000e+01
1631088192147055104,9.902300000000000e+01
1631088192403167488,9.842400000000001e+01
1631088192656164352,9.783300000000000e+01
1631088192910802176,9.727000000000000e+01
1631088193141146880,9.672700000000000e+01
1631088193405626880,9.618700000000000e+01
1631088193659443456,9.562000000000000e+01
1631088193895275776,9.501600000000001e+01
1631088194149681920,9.438600000000000e+01
1631088194405623808,9.373500000000000e+01
1631088194658506752,9.305900000000000e+01
1631088194892110592,9.237300000000000e+01
1631088195168446208,9.169100000000000e+01
1631088195402253824,9.099100000000000e+01
1631088195654877696,9.030000000000000e+01
1631088195909344256,8.961199999999999e+01
1631088196153788160,8.892200000000000e+01
1631088196408143360,8.823000000000000e+01
1631088196655150592,8.753100000000001e+01
1631088196909307648,8.683000000000000e+01
1631088197142598400,8.613300000000000e+01
1631088197418698752,8.543500000000000e+01
1631088197649263104,8.474100000000000e+01
1631088197904445184,8.405000000000000e+01
1631088198158445312,8.335800000000000e+01
1631088198414617856,8.265900000000001e+01
1631088198646290176,8.195800000000000e+01
1631088198906334720,8.123800000000000e+01
1631088199161698048,8.049500000000000e+01
1631088199417813760,7.973399999999999e+01
1631088199649018880,7.897600000000000e+01
1631088199893866240,7.825100000000000e+01
1631088200148613376,7.753900000000000e+01
1631088200403415040,7.683300000000000e+01
1631088200649106432,7.612500000000000e+01
1631088200903472896,7.541500000000001e+01
1631088201158578432,7.470000000000000e+01
1631088201392559872,7.399100000000000e+01
1631088201645954304,7.328600000000000e+01
1631088201900497152,7.256800000000000e+01
1631088202154973952,7.185000000000001e+01
1631088202410746368,7.114400000000001e+01
1631088202641751808,7.046200000000000e+01
1631088202897783040,6.979000000000001e+01
1631088203153352704,6.910200000000000e+01
1631088203433892352,6.840900000000001e+01
1631088203660600064,6.769900000000000e+01
1631088203894977536,6.697499999999999e+01
1631088204171606272,6.624700000000000e+01
1631088204404755456,6.552700000000000e+01
1631088204658149120,6.481700000000001e+01
1631088204889927424,6.411499999999999e+01
1631088205161348608,6.340300000000000e+01
1631088205417208576,6.269500000000000e+01
1631088205649654272,6.198100000000000e+01
1631088205904496640,6.125700000000000e+01
1631088206160967936,6.053500000000000e+01
1631088206417920512,5.984900000000000e+01
1631088206649047808,5.919000000000000e+01
1631088206903387904,5.854900000000000e+01
1631088207149094400,5.793400000000000e+01
1631088207404141312,5.730600000000000e+01
1631088207656808192,5.666300000000000e+01
1631088207890482176,5.601300000000000e+01
1631088208156800000,5.536100000000000e+01
1631088208414565376,5.472000000000000e+01
1631088208655180544,5.412800000000000e+01
1631088208909969408,5.359600000000000e+01
1631088209141277440,5.307400000000000e+01
1631088209424314880,5.256800000000000e+01
1631088209651592448,5.210000000000000e+01
1631088209906997504,5.165700000000000e+01
1631088210162144512,5.123500000000000e+01
1631088210418596608,5.083700000000000e+01
1631088210640691200,5.043900000000000e+01
1631088210893814784,5.004600000000000e+01
1631088211148911616,4.964200000000000e+01
1631088211405149696,4.925500000000000e+01
1631088211658418432,4.888300000000000e+01
1631088211911844608,4.851300000000000e+01
1631088212144926976,4.814800000000000e+01
1631088212422545664,4.780300000000000e+01
1631088212649369600,4.744500000000000e+01
1631088212904315904,4.709000000000000e+01
1631088213159450880,4.673700000000000e+01
1631088213413896960,4.641000000000000e+01
1631088213643348736,4.604900000000000e+01
1631088213900779520,4.572000000000000e+01
1631088214160590336,4.548800000000000e+01
1631088214394589440,4.532400000000000e+01
1631088214649107456,4.521100000000000e+01
1631088214902676224,4.510800000000000e+01
1631088215152666880,4.497800000000000e+01
1631088215407095296,4.485200000000000e+01
1631088215662586368,4.472800000000000e+01
1631088215892657664,4.462700000000000e+01
1631088216158353920,4.454100000000000e+01
1631088216392119040,4.447600000000000e+01
1631088216656304128,4.442200000000000e+01
1631088216909935104,4.437000000000000e+01
1631088217143014656,4.432100000000000e+01
1631088217396311808,4.426100000000000e+01
1631088217651915776,4.419000000000000e+01
1631088217896041728,4.412500000000000e+01
1631088218148198400,4.404100000000000e+01
1631088218405061120,4.394400000000000e+01
1631088218640952320,4.382500000000000e+01
1631088218903546368,4.369500000000000e+01
1631088219135958784,4.356000000000000e+01
1631088219392087552,4.342700000000000e+01
1631088219646408448,4.329600000000000e+01
1631088219898685952,4.317900000000000e+01
1631088220132056576,4.306200000000000e+01
1631088220409570560,4.296100000000000e+01
1631088220642366720,4.284900000000000e+01
1631088220893897984,4.272200000000000e+01
1631088221150053888,4.258500000000000e+01
1631088221404800768,4.243100000000000e+01
1631088221658793472,4.231800000000000e+01
1631088221892476416,4.227400000000000e+01
1631088222149010176,4.225700000000000e+01
1631088222403871232,4.225700000000000e+01
1631088222635786752,4.225800000000000e+01
1631088222889904128,4.225600000000000e+01
1631088223139762688,4.226400000000000e+01
1631088223390391040,4.226400000000000e+01
1631088223646954240,4.226200000000000e+01
1631088223901415680,4.226400000000000e+01
1631088224135391488,4.225500000000000e+01
1631088224389588480,4.225100000000000e+01
1631088224644389632,4.225100000000000e+01
1631088224889748480,4.225600000000000e+01
1631088225144506112,4.225900000000000e+01
1631088225399759104,4.225300000000000e+01
1631088225632205824,4.225100000000000e+01
1631088225894556672,4.224900000000000e+01
1631088226149274880,4.225000000000000e+01
1631088226405384960,4.225200000000000e+01
1631088226637584384,4.225200000000000e+01
1631088226893551616,4.224800000000000e+01
